Sample : 
Scan number: 3607

Wavelength: 532
Polarization :   
Power: 0
Mirror sp. : 8
Ch. duration : 7.214
Scan amplitude : 49.31



3475039
2445975
3557770
4863332
4725459
5114878
3377951
3043257
2384576
643606
290237
169050
43319
21235
16476
6463
3088
3318
1885
829
870
560
334
266
242
139
92
130
77
45
62
40
37
44
29
30
28
26
25
13
18
10
22
22
10
12
14
18
13
11
12
14
19
14
11
26
28
23
44
49
60
45
42
53
54
44
37
53
32
57
53
62
39
44
28
31
23
21
18
17
10
12
13
22
11
14
16
30
18
20
23
22
25
28
27
41
47
36
43
60
78
82
92
89
133
134
199
247
327
421
656
818
1266
2154
2905
4679
8768
13250
21983
50957
100600
166591
476053
1324057
2218313
3548561
4782862
5219031
5249055
4714330
4544285
3300258
2011886
1078150
395320
122249
65162
33670
14446
8353
5375
3074
1977
1477
955
696
457
358
265
205
136
136
78
69
52
61
55
49
34
32
30
28
29
19
12
16
17
20
17
18
10
13
9
7
9
9
12
23
14
16
15
24
25
42
36
51
56
71
52
59
48
36
41
44
51
66
67
67
53
41
37
35
32
20
21
11
9
14
12
12
22
17
21
20
17
18
26
21
23
18
28
41
33
52
36
50
62
66
81
99
124
149
153
209
235
354
433
583
838
1166
1732
2587
4279
6611
10996
20336
35808
67317
143514
311541
682714
1806631
2857009
3659894
4878965
5422297
