Sample : 
Scan number: 2421

Wavelength: 532
Polarization :   
Power: 0
Mirror sp. : 8
Ch. duration : 4.842
Scan amplitude : 49.31



1977478
1629939
2538435
4293541
3754645
4738009
2889008
1951242
1010081
150739
84928
43104
11390
6640
4894
1983
917
1052
577
273
277
194
120
104
66
59
41
54
26
29
39
27
23
18
20
18
16
12
14
16
12
15
19
21
21
11
17
19
28
22
31
40
46
56
83
137
137
244
291
324
361
356
272
286
228
234
185
265
262
304
388
334
305
251
213
169
105
70
53
42
33
38
47
19
26
18
27
14
8
17
20
21
26
13
18
31
22
29
26
26
35
38
38
39
55
72
82
103
141
176
266
341
675
1121
1671
3171
5686
8503
14283
31586
59098
110995
358032
884598
1565940
2650193
3379248
4088186
5302389
4822407
3840229
1863552
662811
328775
107783
35975
19791
9733
4415
2723
1620
855
651
502
268
217
174
122
86
79
54
45
40
27
43
30
16
29
12
18
24
18
29
16
15
11
14
14
20
12
13
16
20
21
32
24
29
43
45
57
96
125
168
234
280
356
339
325
309
274
230
221
218
204
282
306
338
374
338
264
216
174
133
75
63
47
30
33
28
13
20
22
17
23
27
22
18
22
11
26
24
25
24
29
14
16
24
35
29
40
40
47
64
79
108
122
155
223
332
553
854
1622
2686
4208
7019
12261
21054
39636
88697
203165
490478
1227460
2099870
2839076
3637375
4670495
